000000000000010000000000
000000000000011100000000
000000000000000110000000
000000000000000001100000
000000000000000000110000
000000000000000000011000
000000000000000000001000
000000000000000000000100
001110000000000000000110
011000000000000000000010
010000000000000000000011
100000000000000000000001
100000000000000000000001
100000000000000000000001
100000000000000000000001
100000000000000000000001
110000000000000000000011
010000000000000000000010
011000000000000000000110
001100000000000000000100
000110000000000000001000
000011000000000000110000
000000111000000011100000
000000001111111110000000
