000000000000010000000000
000000000000011000000000
000000000000000110000000
000000000000000011100000
000000000000000000110000
000000000000000000011000
000000000000000000001100
000000000000000000000100
000000000000000000000010
000011000000000000000010
001110000000000000000001
011000000000000000000001
010000000000000000000001
110000000000000000000001
100000000000000000000001
100000000000000000000011
100000000000000000000010
100000000000000000000010
010000000000000000000100
011000000000000000001000
001100000000000000010000
000110000000000001100000
000001110000001110000000
000000011111110000000000
