100000000000000000000000
100000000000000000000000
100000000000000000000000
100000000000000000000000
100000000000000000000000
100000000000000000000000
100000000000000000000000
100000000000000000000000
010000000000000000000000
010000000000000000000000
010000000000000000000000
011000000000000000000000
001000000000000000000001
001000000000000000000010
001000000000000000001100
000100000000000000110000
000100000000000011000000
000100000000001110000000
000110000000110000000000
000010000011000000000000
000010001100000000000000
000011011000000000000000
000001100000000000000000
000001000000000000000000
