100000000000000000000000
100000000000000000000000
100000000000000000000000
100000000000000000000000
100000000000000000000000
100000000000000000000000
100000000000000000000000
100000000000000000000000
100000000000000000000000
010000000000000000000000
010000000000000000000000
010000000000000000000000
001000000000000000000000
001000000000000000000000
001100000000000000000000
000100000000000000000011
000110000000000000000001
000010000000000000000011
000001000000000000011100
000001000000000011110000
000000100000111110000000
000000101111100000000000
000000111000000000000000
000000100000000000000000
