000000000000000000000110
000000000000000000000100
000000000000000000000100
000000000000000000000100
000000000000000000000100
000000000000000000000100
000000000000000000000100
000000000000000000000100
000000000000000000000100
000000000000000000000100
111000000000000000000010
000111100000000000000010
000000011000000000000010
000000001100000000000010
000000000110000000000010
000000000010000000000001
000000000110000000000001
000000001100000000000001
000000001000000000000001
000000011000000000000001
000000010000000000000001
000000001100000000000011
000000000111100000000110
000000000000011111111000
