010000000000000000000000
110000000000000000000000
100000000000000000000000
100000000000000000000000
100000000000000000000000
010000000000000000000000
010000000000000000000000
001000000000000000000000
001000000000000010000000
000100000000000001011000
000010000000000000000110
000011000000000000000001
000001100000000000000011
000000110000000000001110
000000010000000000111000
000000001100000111000000
000000000110111000000000
000000011111000000000000
000011100000100000000000
001110000000010000000000
010000000000001000000000
011000000000001100000000
001111100000000100000000
000000011111111100000000
