110000000000000000000000
100000000000000000000000
100000000000000000000000
100000000000000000000000
100000000000000000000000
100000000000000000000000
100000000000000000000000
100000000000000000000000
010000000000000000000000
010000000000000000000000
010000000000000000000000
001000000000000000000000
001000000000000000110000
001000000000000000001100
000100000000000000000010
000100000000000000000001
000010000000000000000001
000011000000000000000011
000001000000000000000110
000001100000000000011000
000000100000000111100000
000000010000111100000000
000000011111000000000000
000000001100000000000000
