000000001111111000000000
000000111000001110000000
000001100000000011000000
000011000000000000100000
000110000000000000010000
000100000000000000011000
001000000000000000001000
001000000000000000000100
010000000000000000000110
010000000000000000000010
010000000000000000000010
110000000000000000000011
100000000000000000000001
100000000000000000000001
100000000000000000000001
100000000000000000000001
100000000000000000000001
100000000000000000000001
100000000000000000000011
110000000000000000000010
010000000000000000000010
110000000000000000000100
000000000000000000011000
000000000000000000110000
