000000000001111110000000
000000000011000001100000
000000000100000000110000
000000001000000000011000
000000010000000000001100
000000110000000000000110
000000100000000000000010
000001100000000000000010
000001000000000000000001
000001000000000000000001
000001000000000000000001
000011000000000000000001
000010000000000000000001
000010000000000000000011
000010000000000000000110
000010000000000000001100
000010000000000000011000
000010000000000000000000
000010000000000000000000
000010000000000000000000
000010000000000000000000
000010000000000000000000
100010000000000000000000
111110000000000000000000
