000000000111111110000000
000000011100000011100000
000001100000000000011000
000011000000000000001100
000110000000000000000110
001100000000000000000010
001000000000000000000011
011000000000000000000001
010000000000000000000001
110000000000000000000011
100000000000000000000110
100000000000000000111100
100000000000000011000000
100000000000000000000000
100000000000000000000000
100000000000000000000000
100000000000000000000000
110000000000000000000000
010000000000000000000000
010000000000000000000000
011000000000000000000000
001000000000000000000000
001110000000000000000000
000011000000000000000000
