000000000111111100000000
000000011100000011100000
000001110000000000110000
000011000000000000001000
000110000000000000001100
000100000000000000000010
001000000000000000000010
011000000000000000000011
010000000000000000000001
010000000000000000000001
100000000000000000000001
100000000000000000000001
100000000000000000000011
100000000000000000000010
100000000000000000000010
100000000000000000000100
100000000000000000001100
100000000000000000011000
010000000000000001100000
010000000000000000000000
011000000000000000000000
001100000000000000000000
000110000000000000000000
000011000000000000000000
