000000001111111000000000
000000110000000111000000
000011000000000001100000
000110000000000000010000
001100000000000000001100
001000000000000000000100
010000000000000000000010
010000000000000000000011
100000000000000000000001
100000000000000000000001
100000000000000000000001
100000000000000000000001
100000000000000000000001
100000000000000000000010
100000000000000000000100
010000000000000000011000
010000000000000001110000
011000000000000001000000
001000000000000000000000
001100000000000000000000
000110000000000000000000
000011000000000000000000
000001110000000000000000
000000011111100000000000
