000000001111111000000000
000000111000001110000000
000001100000000001100000
000011000000000000110000
000110000000000000011000
000100000000000000001100
001000000000000000000100
001000000000000000000110
010000000000000000000010
010000000000000000000011
010000000000000000000001
110000000000000000000001
100000000000000000000001
100000000000000000000001
100000000000000000000001
100000000000000000000001
100000000000000000000010
100000000000000000000010
100000000000000000000110
100000000000000000000100
010000000000000000011000
010000000000000000110000
011000000000000000000000
001000000000000000000000
