000000011111110000000000
000001110000001100000000
000111000000000011000000
000100000000000001100000
001000000000000000110000
011000000000000000011000
010000000000000000001000
010000000000000000000100
100000000000000000000110
100000000000000000000010
100000000000000000000010
100000000000000000000011
100000000000000000000001
100000000000000000000001
100000000000000000000001
110000000000000000000001
010000000000000000000001
010000000000000000000001
011000000000000000000011
001000000000000000000010
001100000000000000000110
000110000000000000001100
000011000100000000111000
000001111100000000000000
