000000011111110000000000
000000110000001100000000
000011000000000110000000
000010000000000001100000
000100000000000000100000
001000000000000000010000
011000000000000000001000
010000000000000000001100
010000000000000000000100
110000000000000000000110
100000000000000000000010
100000000000000000000010
100000000000000000000001
100000000000000000000001
100000000000000000000001
100000000000000000000001
100000000000000000000001
100000000000000000000001
110000000000000000000001
010000000000000000000010
011000100000000000000010
001111100000000000000110
000000000000000000001100
000000000000000000011000
